9,8
3,29
9,28
4,6
2,31
2,16
6,22
6,1
8,35
22,21
0,31
21,18
7,23
4,32
28,23
1,16
2,17
0,32
5,22
7,21
3,16
6,1
1,35
23,12
12,1
15,35
1,20
8,8
28,8
2,27
1,17
19,30
2,16
1,20
22,5
20,18
16,9
10,32
12,8
0,33
8,6
20,14
15,26
14,5
8,9
4,2
2,29
5,35
1,26
3,29
11,17
11,24
8,26
2,16
1,11
0,17
5,28
1,11
3,2
8,27
4,25
29,27
2,35
19,32
20,5
13,13
8,18
9,32
6,5
2,17
17,29
4,34
2,14
1,32
8,3
6,22
1,20
11,20
15,1
0,6
17,18
2,2
1,20
18,11
15,8
8,26
5,25
3,2
1,14
25,32
29,23
8,24
7,19
0,25
0,3
0,21
9,33
0,13
5,13
14,17
5,4
1,2
6,4
7,3
22,22
1,22
7,23
7,30
13,16
3,8
19,33
21,30
8,26
9,7
1,30
17,14
13,27
1,28
9,18
0,1
30,19
1,33
2,22
3,30
3,13
1,20
4,1
17,3
1,20
7,13
14,12
0,22
19,22
6,13
22,14
8,31
5,5
19,8
2,32
7,28
9,24
7,23
17,15
4,19
1,5
15,1
0,33
8,29
20,17
20,25
1,23
0,6
5,24
4,6
6,4
3,8
12,29
3,31
2,20
15,11
4,20
11,27
17,33
13,27
1,2
8,27
2,14
8,31
22,1
10,16
4,13
10,5
1,16
28,35
5,29
2,27
8,31
2,3
1,17
0,21
14,24
0,13
4,3
16,13
26,25
20,23
20,13
3,10
1,9
11,24
6,23
24,17
0,12
24,32
2,6
5,16
17,8
3,31
1,18
13,32
5,24
6,27
7,20
3,11
11,13
8,35
7,27
18,21
0,31
11,21
0,16
3,25
18,22
0,27
3,14
0,6
12,9
7,30
1,35
26,15
26,16
9,22
2,1
2,23
7,15
16,28
2,35
14,11
3,23
12,29
13,35
1,1
11,26
6,23
4,9
0,26
2,13
6,35
6,31
5,11
5,6
5,26
17,28
0,20
17,35
12,28
3,28
23,27
0,1
0,32
12,9
17,11
2,8
2,3
19,7
23,29
2,32
16,18
0,30
5,21
1,23
4,20
0,17
26,10
31,34
5,33
0,26
1,20
3,12
9,13
8,1
8,28
10,16
2,31
10,16
14,21
29,30
1,1
8,16
0,32
13,32
16,35
21,9
0,20
17,24
6,33
10,32
0,31
2,17
12,30
7,6
1,34
3,5
19,15
8,34
26,4
2,29
2,15
4,11
2,2
5,25
7,10
2,19
18,17
12,8
1,24
14,16
18,30
3,31
1,9
9,22
9,22
18,11
24,7
14,34
4,20
1,2
5,2
20,17
13,9
8,8
0,2
16,8
1,17
0,4
8,33
15,25
7,29
3,33
13,25
15,8
17,33
3,34
3,14
4,7
1,1
22,25
0,20
22,13
9,18
8,27
15,24
3,27
1,12
17,34
3,15
1,2
2,23
1,24
1,18
8,21
15,13
17,29
9,35
9,33
18,20
22,5
14,4
7,28
1,5
8,35
28,15
4,31
17,19
22,10
10,12
1,22
3,8
4,14
16,9
9,32
15,30
4,31
3,26
23,1
3,9
3,35
7,28
11,7
23,18
1,10
18,32
1,11
0,25
24,14
8,8
2,22
14,25
1,5
18,18
1,13
32,20
6,25
24,16
7,35
1,10
3,19
4,27
22,32
13,29
3,21
2,33
8,34
10,33
15,9
4,4
8,33
14,3
0,33
7,1
16,13
1,26
1,12
0,28
2,17
1,2
20,34
22,30
5,35
0,2
1,19
2,2
0,27
17,6
1,12
5,26
21,15
6,19
15,5
0,9
10,24
1,3
10,14
23,9
22,22
6,17
0,27
13,34
18,14
17,17
8,11
0,6
3,29
19,32
17,1
4,18
3,31
14,24
2,27
22,5
13,15
6,15
2,18
21,28
4,16
4,16
4,6
5,35
7,26
2,19
27,25
7,8
16,25
3,7
2,29
17,34
10,25
0,32
16,18
4,9
14,25
8,29
8,13
0,25
1,34
17,21
11,35
1,3
4,16
2,11
18,8
11,26
3,19
20,16
16,18
16,1
1,13
1,29
1,10
22,2
11,24
23,28
5,9
5,29
4,7
22,33
17,8
20,12
3,12
3,25
19,17
3,23
4,10
13,33
2,33
1,28
3,17
13,24
4,30
1,32
0,33
7,27
13,24
1,30
0,2
9,2
2,4
3,22
3,17
13,26
20,32
10,35
26,4
17,12
17,28
0,25
5,12
4,3
31,31
8,16
9,35
9,34
0,20
0,11
0,5
0,9
9,27
20,24
1,2
12,11
4,16
5,27
0,11
9,14
1,5
15,31
7,23
17,8
21,2
0,20
12,19
9,34
2,15
3,32
6,2
26,30
30,18
18,16
5,8
0,10
12,33
14,33
17,20
2,7
6,29
14,17
5,32
8,2
5,31
11,17
14,29
9,13
0,25
5,33
14,8
3,7
7,9
17,9
17,18
23,29
15,22
2,35
6,14
20,30
1,7
10,27
11,5
9,17
11,35
18,19
3,3
8,2
10,21
0,35
12,27
4,20
17,21
7,9
0,2
10,11
9,14
19,10
2,17
15,33
24,24
1,6
1,31
10,33
11,21
3,13
5,22
12,35
3,4
2,1
0,35
6,10
2,8
8,18
17,35
9,2
18,12
9,16
17,17
12,5
7,20
3,17
1,30
0,32
8,16
3,7
11,12
9,13
19,14
10,10
16,24
4,21
1,21
1,30
16,31
1,20
9,8
1,5
5,24
1,14
7,21
1,12
11,11
21,21
3,17
13,18
22,17
13,25
7,8
6,9
15,8
17,30
9,15
3,12
4,19
11,24
0,7
1,18
6,15
1,2
5,5
5,12
6,7
7,2
26,25
3,28
6,21
2,28
2,17
22,12
2,9
0,3
15,7
5,24
0,26
6,29
21,2
1,1
16,10
12,25
22,30
2,3
1,29
11,12
16,34
10,14
18,6
4,18
0,25
2,29
21,33
5,7
28,24
10,26
29,29
12,33
1,20
16,25
13,25
27,10
2,34
6,16
3,26
11,13
1,5
2,21
6,21
10,6
26,26
1,11
0,29
2,9
6,21
1,2
11,8
2,35
27,32
12,7
1,1
15,18
0,25
13,11
3,21
24,2
8,11
12,5
8,13
0,8
0,17
11,17
1,26
2,14
2,27
0,33
16,12
26,3
23,16
3,28
2,7
4,24
9,32
23,21
19,14
2,34
5,14
0,20
17,19
4,15
1,22
20,9
4,7
20,12
29,10
1,22
15,24
3,12
8,28
0,30
20,29
0,11
23,17
21,11
1,15
19,5
7,4
2,8
21,15
5,34
9,25
10,7
10,16
17,15
19,25
22,15
0,11
14,11
2,27
3,21
12,8
1,12
22,24
21,17
1,8
2,34
3,28
13,26
3,24
25,5
2,17
26,16
2,32
31,30
7,28
6,11
12,25
3,14
0,1
16,23
0,30
14,18
1,9
3,27
22,25
9,17
4,9
4,14
7,29
1,11
5,24
5,13
6,21
15,2
2,21
1,29
8,23
0,20
8,8
3,10
11,15
8,17
1,24
6,10
8,28
8,20
0,30
6,11
23,11
8,7
7,18
0,28
6,9
13,23
2,6
2,7
10,31
1,25
5,11
1,1
